function [t_oe, sqrt_a, e, M_0, time_span] = ephemerides()
M_0 = .194850072201E+01; % [radians]
e = .404827296734E-04 ;
sqrt_a = .544062105942E+04; % [sqrt of meters]
t_oe = .225600000000E+06; % [seconds]
time_span =  [174600 225000]; 
