USING 4 SATELLITES:
corrected_pseudoranges =

          26159727.5930285          26912648.3626851          26100004.1099282          26027051.9605723

ecef without Earth correction = 
(sat2)          15272255.0719596         -21955224.5541506           12665069.229156
(sat5)          28783809.1150055         -1945338.15859317         -6626878.04870704
(sat8)          3998990.55916905         -17804884.6421923          23308145.6526224
(sat12)         5316686.84452078          22874369.8748836           18017929.367784

ecef corrected with Earth rotation, using worst delay = 
          15272188.5760461         -21955224.5541506           12665149.413252
          28783843.9078584         -1945338.15859317          -6626726.9243234
          3998868.18382292         -17804884.6421923          23308166.6482928
          5316592.24450023          22874369.8748836          18017957.2818584

ecef corrected with Earth rotation, using smaller delay = 
          15272174.2532066         -21955224.5541506          12665166.6843356
          28783852.6155622         -1945338.15859317         -6626689.10143673
          3998842.16367143         -17804884.6421923           23308171.112428
          5316572.44979015          22874369.8748836          18017963.1227085


r =

          4367345.80898885
          502733.952071152
          4605088.16740981


b = -74602.0032086819

LINEARIZATION

deltas =

     -7.14552438670139e-09
     -3.04256250195976e-09
     -3.96417746892813e-09
         -74602.0032086904

DOPS

pdop_4_sats = 26.5940698974995
hdop_4_sats = 3.06638257579528
vdop_4_sats = 26.4166964553093
gdop_4_sats =28.8476972301761